neg,neu,pos,compound
0.0498,0.8252,0.125,0.99246
0.0354,0.8501999999999998,0.11440000000000002,0.98042
0.055400000000000005,0.8295999999999999,0.11499999999999999,0.91116
0.0748,0.8221999999999999,0.1028,0.3216
0.0518,0.851,0.0974,0.92852
0.0728,0.7806,0.1466,0.9349000000000001
0.0856,0.8338000000000001,0.0806,0.20827999999999997
0.0792,0.82,0.1008,0.55668
0.06420000000000001,0.8221999999999999,0.11400000000000002,0.44032
0.060399999999999995,0.8064,0.1332,0.9761200000000001
0.0474,0.8503999999999999,0.1022,0.61656
0.0596,0.8321999999999999,0.1078,0.8617800000000001
0.09559999999999999,0.8102,0.09419999999999999,-0.43011999999999995
0.06760000000000001,0.8024000000000001,0.1298,0.9864799999999999
0.0958,0.7792,0.1248,-0.17014
0.0712,0.8375999999999999,0.091,0.35202
0.054000000000000006,0.8320000000000001,0.11380000000000001,0.6219
0.0616,0.8109999999999999,0.1278,0.9757199999999999
0.0486,0.853,0.0982,0.94574
0.055200000000000006,0.8204,0.1242,0.9600799999999999
0.0448,0.8396000000000001,0.1156,0.92566
0.0858,0.8012,0.11320000000000001,0.45946
0.0432,0.8544,0.1024,0.9581799999999999
0.05820000000000001,0.8364,0.10540000000000001,0.26172
0.0382,0.8004,0.16160000000000002,0.9942
0.051000000000000004,0.8492000000000001,0.0998,0.34408000000000005
0.0332,0.8719999999999999,0.0946,0.8953200000000001
0.06839999999999999,0.8392,0.0926,0.20856000000000002
0.062,0.791,0.1472,0.8945399999999999
0.0472,0.8417999999999999,0.11099999999999999,0.98674
